[app/ui]
version = 8.1.1
modtime = 1612084206.819471000

[app/launcher]
version = 8.1.1
modtime = 1612084206.828741000
